(-9)+(-8)＝？
-17
17
-1
1
(-9)+(-7)＝？
-16
16
-2
2
(-9)+(-6)＝？
-15
15
-3
3
(-9)+(-5)＝？
-14
14
-4
4
(-9)+(-4)＝？
-13
13
-5
5
(-9)+(-3)＝？
-12
12
-6
6
(-9)+(-2)＝？
-11
11
-7
7
(-9)+(-1)＝？
-10
10
-8
8
(-9)+1＝？
-8
8
-10
10
(-9)+2＝？
-7
7
-11
11
(-9)+3＝？
-6
6
-12
12
(-9)+4＝？
-5
5
-13
13
(-9)+5＝？
-4
4
-14
14
(-9)+6＝？
-3
3
-15
15
(-9)+7＝？
-2
2
-16
16
(-9)+8＝？
-1
1
-17
17
(-8)+(-9)＝？
-17
17
1
-1
(-8)+(-7)＝？
-15
15
-1
1
(-8)+(-6)＝？
-14
14
-2
2
(-8)+(-5)＝？
-13
13
-3
3
(-8)+(-4)＝？
-12
12
-4
4
(-8)+(-3)＝？
-11
11
-5
5
(-8)+(-2)＝？
-10
10
-6
6
(-8)+(-1)＝？
-9
9
-7
7
(-8)+1＝？
-7
7
-9
9
(-8)+2＝？
-6
6
-10
10
(-8)+3＝？
-5
5
-11
11
(-8)+4＝？
-4
4
-12
12
(-8)+5＝？
-3
3
-13
13
(-8)+6＝？
-2
2
-14
14
(-8)+7＝？
-1
1
-15
15
(-8)+9＝？
1
-1
-17
17
(-7)+(-9)＝？
-16
16
2
-2
(-7)+(-8)＝？
-15
15
1
-1
(-7)+(-6)＝？
-13
13
-1
1
(-7)+(-5)＝？
-12
12
-2
2
(-7)+(-4)＝？
-11
11
-3
3
(-7)+(-3)＝？
-10
10
-4
4
(-7)+(-2)＝？
-9
9
-5
5
(-7)+(-1)＝？
-8
8
-6
6
(-7)+1＝？
-6
6
-8
8
(-7)+2＝？
-5
5
-9
9
(-7)+3＝？
-4
4
-10
10
(-7)+4＝？
-3
3
-11
11
(-7)+5＝？
-2
2
-12
12
(-7)+6＝？
-1
1
-13
13
(-7)+8＝？
1
-1
-15
15
(-7)+9＝？
2
-2
-16
16
(-6)+(-9)＝？
-15
15
3
-3
(-6)+(-8)＝？
-14
14
2
-2
(-6)+(-7)＝？
-13
13
1
-1
(-6)+(-5)＝？
-11
11
-1
1
(-6)+(-4)＝？
-10
10
-2
2
(-6)+(-3)＝？
-9
9
-3
3
(-6)+(-2)＝？
-8
8
-4
4
(-6)+(-1)＝？
-7
7
-5
5
(-6)+1＝？
-5
5
-7
7
(-6)+2＝？
-4
4
-8
8
(-6)+3＝？
-3
3
-9
9
(-6)+4＝？
-2
2
-10
10
(-6)+5＝？
-1
1
-11
11
(-6)+7＝？
1
-1
-13
13
(-6)+8＝？
2
-2
-14
14
(-6)+9＝？
3
-3
-15
15
(-5)+(-9)＝？
-14
14
4
-4
(-5)+(-8)＝？
-13
13
3
-3
(-5)+(-7)＝？
-12
12
2
-2
(-5)+(-6)＝？
-11
11
1
-1
(-5)+(-4)＝？
-9
9
-1
1
(-5)+(-3)＝？
-8
8
-2
2
(-5)+(-2)＝？
-7
7
-3
3
(-5)+(-1)＝？
-6
6
-4
4
(-5)+1＝？
-4
4
-6
6
(-5)+2＝？
-3
3
-7
7
(-5)+3＝？
-2
2
-8
8
(-5)+4＝？
-1
1
-9
9
(-5)+6＝？
1
-1
-11
11
(-5)+7＝？
2
-2
-12
12
(-5)+8＝？
3
-3
-13
13
(-5)+9＝？
4
-4
-14
14
(-4)+(-9)＝？
-13
13
5
-5
(-4)+(-8)＝？
-12
12
4
-4
(-4)+(-7)＝？
-11
11
3
-3
(-4)+(-6)＝？
-10
10
2
-2
(-4)+(-5)＝？
-9
9
1
-1
(-4)+(-3)＝？
-7
7
-1
1
(-4)+(-2)＝？
-6
6
-2
2
(-4)+(-1)＝？
-5
5
-3
3
(-4)+1＝？
-3
3
-5
5
(-4)+2＝？
-2
2
-6
6
(-4)+3＝？
-1
1
-7
7
(-4)+5＝？
1
-1
-9
9
(-4)+6＝？
2
-2
-10
10
(-4)+7＝？
3
-3
-11
11
(-4)+8＝？
4
-4
-12
12
(-4)+9＝？
5
-5
-13
13
(-3)+(-9)＝？
-12
12
6
-6
(-3)+(-8)＝？
-11
11
5
-5
(-3)+(-7)＝？
-10
10
4
-4
(-3)+(-6)＝？
-9
9
3
-3
(-3)+(-5)＝？
-8
8
2
-2
(-3)+(-4)＝？
-7
7
1
-1
(-3)+(-2)＝？
-5
5
-1
1
(-3)+(-1)＝？
-4
4
-2
2
(-3)+1＝？
-2
2
-4
4
(-3)+2＝？
-1
1
-5
5
(-3)+4＝？
1
-1
-7
7
(-3)+5＝？
2
-2
-8
8
(-3)+6＝？
3
-3
-9
9
(-3)+7＝？
4
-4
-10
10
(-3)+8＝？
5
-5
-11
11
(-3)+9＝？
6
-6
-12
12
(-2)+(-9)＝？
-11
11
7
-7
(-2)+(-8)＝？
-10
10
6
-6
(-2)+(-7)＝？
-9
9
5
-5
(-2)+(-6)＝？
-8
8
4
-4
(-2)+(-5)＝？
-7
7
3
-3
(-2)+(-4)＝？
-6
6
2
-2
(-2)+(-3)＝？
-5
5
1
-1
(-2)+(-1)＝？
-3
3
-1
1
(-2)+1＝？
-1
1
-3
3
(-2)+3＝？
1
-1
-5
5
(-2)+4＝？
2
-2
-6
6
(-2)+5＝？
3
-3
-7
7
(-2)+6＝？
4
-4
-8
8
(-2)+7＝？
5
-5
-9
9
(-2)+8＝？
6
-6
-10
10
(-2)+9＝？
7
-7
-11
11
(-1)+(-9)＝？
-10
10
8
-8
(-1)+(-8)＝？
-9
9
7
-7
(-1)+(-7)＝？
-8
8
6
-6
(-1)+(-6)＝？
-7
7
5
-5
(-1)+(-5)＝？
-6
6
4
-4
(-1)+(-4)＝？
-5
5
3
-3
(-1)+(-3)＝？
-4
4
2
-2
(-1)+(-2)＝？
-3
3
1
-1
(-1)+2＝？
1
-1
-3
3
(-1)+3＝？
2
-2
-4
4
(-1)+4＝？
3
-3
-5
5
(-1)+5＝？
4
-4
-6
6
(-1)+6＝？
5
-5
-7
7
(-1)+7＝？
6
-6
-8
8
(-1)+8＝？
7
-7
-9
9
(-1)+9＝？
8
-8
-10
10
1+(-9)＝？
-8
8
10
-10
1+(-8)＝？
-7
7
9
-9
1+(-7)＝？
-6
6
8
-8
1+(-6)＝？
-5
5
7
-7
1+(-5)＝？
-4
4
6
-6
1+(-4)＝？
-3
3
5
-5
1+(-3)＝？
-2
2
4
-4
1+(-2)＝？
-1
1
3
-3
1+2＝？
3
-3
-1
1
1+3＝？
4
-4
-2
2
1+4＝？
5
-5
-3
3
1+5＝？
6
-6
-4
4
1+6＝？
7
-7
-5
5
1+7＝？
8
-8
-6
6
1+8＝？
9
-9
-7
7
1+9＝？
10
-10
-8
8
2+(-9)＝？
-7
7
11
-11
2+(-8)＝？
-6
6
10
-10
2+(-7)＝？
-5
5
9
-9
2+(-6)＝？
-4
4
8
-8
2+(-5)＝？
-3
3
7
-7
2+(-4)＝？
-2
2
6
-6
2+(-3)＝？
-1
1
5
-5
2+(-1)＝？
1
-1
3
-3
2+1＝？
3
-3
1
-1
2+3＝？
5
-5
-1
1
2+4＝？
6
-6
-2
2
2+5＝？
7
-7
-3
3
2+6＝？
8
-8
-4
4
2+7＝？
9
-9
-5
5
2+8＝？
10
-10
-6
6
2+9＝？
11
-11
-7
7
3+(-9)＝？
-6
6
12
-12
3+(-8)＝？
-5
5
11
-11
3+(-7)＝？
-4
4
10
-10
3+(-6)＝？
-3
3
9
-9
3+(-5)＝？
-2
2
8
-8
3+(-4)＝？
-1
1
7
-7
3+(-2)＝？
1
-1
5
-5
3+(-1)＝？
2
-2
4
-4
3+1＝？
4
-4
2
-2
3+2＝？
5
-5
1
-1
3+4＝？
7
-7
-1
1
3+5＝？
8
-8
-2
2
3+6＝？
9
-9
-3
3
3+7＝？
10
-10
-4
4
3+8＝？
11
-11
-5
5
3+9＝？
12
-12
-6
6
4+(-9)＝？
-5
5
13
-13
4+(-8)＝？
-4
4
12
-12
4+(-7)＝？
-3
3
11
-11
4+(-6)＝？
-2
2
10
-10
4+(-5)＝？
-1
1
9
-9
4+(-3)＝？
1
-1
7
-7
4+(-2)＝？
2
-2
6
-6
4+(-1)＝？
3
-3
5
-5
4+1＝？
5
-5
3
-3
4+2＝？
6
-6
2
-2
4+3＝？
7
-7
1
-1
4+5＝？
9
-9
-1
1
4+6＝？
10
-10
-2
2
4+7＝？
11
-11
-3
3
4+8＝？
12
-12
-4
4
4+9＝？
13
-13
-5
5
5+(-9)＝？
-4
4
14
-14
5+(-8)＝？
-3
3
13
-13
5+(-7)＝？
-2
2
12
-12
5+(-6)＝？
-1
1
11
-11
5+(-4)＝？
1
-1
9
-9
5+(-3)＝？
2
-2
8
-8
5+(-2)＝？
3
-3
7
-7
5+(-1)＝？
4
-4
6
-6
5+1＝？
6
-6
4
-4
5+2＝？
7
-7
3
-3
5+3＝？
8
-8
2
-2
5+4＝？
9
-9
1
-1
5+6＝？
11
-11
-1
1
5+7＝？
12
-12
-2
2
5+8＝？
13
-13
-3
3
5+9＝？
14
-14
-4
4
6+(-9)＝？
-3
3
15
-15
6+(-8)＝？
-2
2
14
-14
6+(-7)＝？
-1
1
13
-13
6+(-5)＝？
1
-1
11
-11
6+(-4)＝？
2
-2
10
-10
6+(-3)＝？
3
-3
9
-9
6+(-2)＝？
4
-4
8
-8
6+(-1)＝？
5
-5
7
-7
6+1＝？
7
-7
5
-5
6+2＝？
8
-8
4
-4
6+3＝？
9
-9
3
-3
6+4＝？
10
-10
2
-2
6+5＝？
11
-11
1
-1
6+7＝？
13
-13
-1
1
6+8＝？
14
-14
-2
2
6+9＝？
15
-15
-3
3
7+(-9)＝？
-2
2
16
-16
7+(-8)＝？
-1
1
15
-15
7+(-6)＝？
1
-1
13
-13
7+(-5)＝？
2
-2
12
-12
7+(-4)＝？
3
-3
11
-11
7+(-3)＝？
4
-4
10
-10
7+(-2)＝？
5
-5
9
-9
7+(-1)＝？
6
-6
8
-8
7+1＝？
8
-8
6
-6
7+2＝？
9
-9
5
-5
7+3＝？
10
-10
4
-4
7+4＝？
11
-11
3
-3
7+5＝？
12
-12
2
-2
7+6＝？
13
-13
1
-1
7+8＝？
15
-15
-1
1
7+9＝？
16
-16
-2
2
8+(-9)＝？
-1
1
17
-17
8+(-7)＝？
1
-1
15
-15
8+(-6)＝？
2
-2
14
-14
8+(-5)＝？
3
-3
13
-13
8+(-4)＝？
4
-4
12
-12
8+(-3)＝？
5
-5
11
-11
8+(-2)＝？
6
-6
10
-10
8+(-1)＝？
7
-7
9
-9
8+1＝？
9
-9
7
-7
8+2＝？
10
-10
6
-6
8+3＝？
11
-11
5
-5
8+4＝？
12
-12
4
-4
8+5＝？
13
-13
3
-3
8+6＝？
14
-14
2
-2
8+7＝？
15
-15
1
-1
8+9＝？
17
-17
-1
1
9+(-8)＝？
1
-1
17
-17
9+(-7)＝？
2
-2
16
-16
9+(-6)＝？
3
-3
15
-15
9+(-5)＝？
4
-4
14
-14
9+(-4)＝？
5
-5
13
-13
9+(-3)＝？
6
-6
12
-12
9+(-2)＝？
7
-7
11
-11
9+(-1)＝？
8
-8
10
-10
9+1＝？
10
-10
8
-8
9+2＝？
11
-11
7
-7
9+3＝？
12
-12
6
-6
9+4＝？
13
-13
5
-5
9+5＝？
14
-14
4
-4
9+6＝？
15
-15
3
-3
9+7＝？
16
-16
2
-2
9+8＝？
17
-17
1
-1
(-9)-(-8)＝？
-1
1
-17
17
(-9)-(-7)＝？
-2
2
-16
16
(-9)-(-6)＝？
-3
3
-15
15
(-9)-(-5)＝？
-4
4
-14
14
(-9)-(-4)＝？
-5
5
-13
13
(-9)-(-3)＝？
-6
6
-12
12
(-9)-(-2)＝？
-7
7
-11
11
(-9)-(-1)＝？
-8
8
-10
10
(-9)-1＝？
-10
10
-8
8
(-9)-2＝？
-11
11
-7
7
(-9)-3＝？
-12
12
-6
6
(-9)-4＝？
-13
13
-5
5
(-9)-5＝？
-14
14
-4
4
(-9)-6＝？
-15
15
-3
3
(-9)-7＝？
-16
16
-2
2
(-9)-8＝？
-17
17
-1
1
(-8)-(-9)＝？
1
-1
-17
17
(-8)-(-7)＝？
-1
1
-15
15
(-8)-(-6)＝？
-2
2
-14
14
(-8)-(-5)＝？
-3
3
-13
13
(-8)-(-4)＝？
-4
4
-12
12
(-8)-(-3)＝？
-5
5
-11
11
(-8)-(-2)＝？
-6
6
-10
10
(-8)-(-1)＝？
-7
7
-9
9
(-8)-1＝？
-9
9
-7
7
(-8)-2＝？
-10
10
-6
6
(-8)-3＝？
-11
11
-5
5
(-8)-4＝？
-12
12
-4
4
(-8)-5＝？
-13
13
-3
3
(-8)-6＝？
-14
14
-2
2
(-8)-7＝？
-15
15
-1
1
(-8)-9＝？
-17
17
1
-1
(-7)-(-9)＝？
2
-2
-16
16
(-7)-(-8)＝？
1
-1
-15
15
(-7)-(-6)＝？
-1
1
-13
13
(-7)-(-5)＝？
-2
2
-12
12
(-7)-(-4)＝？
-3
3
-11
11
(-7)-(-3)＝？
-4
4
-10
10
(-7)-(-2)＝？
-5
5
-9
9
(-7)-(-1)＝？
-6
6
-8
8
(-7)-1＝？
-8
8
-6
6
(-7)-2＝？
-9
9
-5
5
(-7)-3＝？
-10
10
-4
4
(-7)-4＝？
-11
11
-3
3
(-7)-5＝？
-12
12
-2
2
(-7)-6＝？
-13
13
-1
1
(-7)-8＝？
-15
15
1
-1
(-7)-9＝？
-16
16
2
-2
(-6)-(-9)＝？
3
-3
-15
15
(-6)-(-8)＝？
2
-2
-14
14
(-6)-(-7)＝？
1
-1
-13
13
(-6)-(-5)＝？
-1
1
-11
11
(-6)-(-4)＝？
-2
2
-10
10
(-6)-(-3)＝？
-3
3
-9
9
(-6)-(-2)＝？
-4
4
-8
8
(-6)-(-1)＝？
-5
5
-7
7
(-6)-1＝？
-7
7
-5
5
(-6)-2＝？
-8
8
-4
4
(-6)-3＝？
-9
9
-3
3
(-6)-4＝？
-10
10
-2
2
(-6)-5＝？
-11
11
-1
1
(-6)-7＝？
-13
13
1
-1
(-6)-8＝？
-14
14
2
-2
(-6)-9＝？
-15
15
3
-3
(-5)-(-9)＝？
4
-4
-14
14
(-5)-(-8)＝？
3
-3
-13
13
(-5)-(-7)＝？
2
-2
-12
12
(-5)-(-6)＝？
1
-1
-11
11
(-5)-(-4)＝？
-1
1
-9
9
(-5)-(-3)＝？
-2
2
-8
8
(-5)-(-2)＝？
-3
3
-7
7
(-5)-(-1)＝？
-4
4
-6
6
(-5)-1＝？
-6
6
-4
4
(-5)-2＝？
-7
7
-3
3
(-5)-3＝？
-8
8
-2
2
(-5)-4＝？
-9
9
-1
1
(-5)-6＝？
-11
11
1
-1
(-5)-7＝？
-12
12
2
-2
(-5)-8＝？
-13
13
3
-3
(-5)-9＝？
-14
14
4
-4
(-4)-(-9)＝？
5
-5
-13
13
(-4)-(-8)＝？
4
-4
-12
12
(-4)-(-7)＝？
3
-3
-11
11
(-4)-(-6)＝？
2
-2
-10
10
(-4)-(-5)＝？
1
-1
-9
9
(-4)-(-3)＝？
-1
1
-7
7
(-4)-(-2)＝？
-2
2
-6
6
(-4)-(-1)＝？
-3
3
-5
5
(-4)-1＝？
-5
5
-3
3
(-4)-2＝？
-6
6
-2
2
(-4)-3＝？
-7
7
-1
1
(-4)-5＝？
-9
9
1
-1
(-4)-6＝？
-10
10
2
-2
(-4)-7＝？
-11
11
3
-3
(-4)-8＝？
-12
12
4
-4
(-4)-9＝？
-13
13
5
-5
(-3)-(-9)＝？
6
-6
-12
12
(-3)-(-8)＝？
5
-5
-11
11
(-3)-(-7)＝？
4
-4
-10
10
(-3)-(-6)＝？
3
-3
-9
9
(-3)-(-5)＝？
2
-2
-8
8
(-3)-(-4)＝？
1
-1
-7
7
(-3)-(-2)＝？
-1
1
-5
5
(-3)-(-1)＝？
-2
2
-4
4
(-3)-1＝？
-4
4
-2
2
(-3)-2＝？
-5
5
-1
1
(-3)-4＝？
-7
7
1
-1
(-3)-5＝？
-8
8
2
-2
(-3)-6＝？
-9
9
3
-3
(-3)-7＝？
-10
10
4
-4
(-3)-8＝？
-11
11
5
-5
(-3)-9＝？
-12
12
6
-6
(-2)-(-9)＝？
7
-7
-11
11
(-2)-(-8)＝？
6
-6
-10
10
(-2)-(-7)＝？
5
-5
-9
9
(-2)-(-6)＝？
4
-4
-8
8
(-2)-(-5)＝？
3
-3
-7
7
(-2)-(-4)＝？
2
-2
-6
6
(-2)-(-3)＝？
1
-1
-5
5
(-2)-(-1)＝？
-1
1
-3
3
(-2)-1＝？
-3
3
-1
1
(-2)-3＝？
-5
5
1
-1
(-2)-4＝？
-6
6
2
-2
(-2)-5＝？
-7
7
3
-3
(-2)-6＝？
-8
8
4
-4
(-2)-7＝？
-9
9
5
-5
(-2)-8＝？
-10
10
6
-6
(-2)-9＝？
-11
11
7
-7
(-1)-(-9)＝？
8
-8
-10
10
(-1)-(-8)＝？
7
-7
-9
9
(-1)-(-7)＝？
6
-6
-8
8
(-1)-(-6)＝？
5
-5
-7
7
(-1)-(-5)＝？
4
-4
-6
6
(-1)-(-4)＝？
3
-3
-5
5
(-1)-(-3)＝？
2
-2
-4
4
(-1)-(-2)＝？
1
-1
-3
3
(-1)-2＝？
-3
3
1
-1
(-1)-3＝？
-4
4
2
-2
(-1)-4＝？
-5
5
3
-3
(-1)-5＝？
-6
6
4
-4
(-1)-6＝？
-7
7
5
-5
(-1)-7＝？
-8
8
6
-6
(-1)-8＝？
-9
9
7
-7
(-1)-9＝？
-10
10
8
-8
1-(-9)＝？
10
-10
-8
8
1-(-8)＝？
9
-9
-7
7
1-(-7)＝？
8
-8
-6
6
1-(-6)＝？
7
-7
-5
5
1-(-5)＝？
6
-6
-4
4
1-(-4)＝？
5
-5
-3
3
1-(-3)＝？
4
-4
-2
2
1-(-2)＝？
3
-3
-1
1
1-2＝？
-1
1
3
-3
1-3＝？
-2
2
4
-4
1-4＝？
-3
3
5
-5
1-5＝？
-4
4
6
-6
1-6＝？
-5
5
7
-7
1-7＝？
-6
6
8
-8
1-8＝？
-7
7
9
-9
1-9＝？
-8
8
10
-10
2-(-9)＝？
11
-11
-7
7
2-(-8)＝？
10
-10
-6
6
2-(-7)＝？
9
-9
-5
5
2-(-6)＝？
8
-8
-4
4
2-(-5)＝？
7
-7
-3
3
2-(-4)＝？
6
-6
-2
2
2-(-3)＝？
5
-5
-1
1
2-(-1)＝？
3
-3
1
-1
2-1＝？
1
-1
3
-3
2-3＝？
-1
1
5
-5
2-4＝？
-2
2
6
-6
2-5＝？
-3
3
7
-7
2-6＝？
-4
4
8
-8
2-7＝？
-5
5
9
-9
2-8＝？
-6
6
10
-10
2-9＝？
-7
7
11
-11
3-(-9)＝？
12
-12
-6
6
3-(-8)＝？
11
-11
-5
5
3-(-7)＝？
10
-10
-4
4
3-(-6)＝？
9
-9
-3
3
3-(-5)＝？
8
-8
-2
2
3-(-4)＝？
7
-7
-1
1
3-(-2)＝？
5
-5
1
-1
3-(-1)＝？
4
-4
2
-2
3-1＝？
2
-2
4
-4
3-2＝？
1
-1
5
-5
3-4＝？
-1
1
7
-7
3-5＝？
-2
2
8
-8
3-6＝？
-3
3
9
-9
3-7＝？
-4
4
10
-10
3-8＝？
-5
5
11
-11
3-9＝？
-6
6
12
-12
4-(-9)＝？
13
-13
-5
5
4-(-8)＝？
12
-12
-4
4
4-(-7)＝？
11
-11
-3
3
4-(-6)＝？
10
-10
-2
2
4-(-5)＝？
9
-9
-1
1
4-(-3)＝？
7
-7
1
-1
4-(-2)＝？
6
-6
2
-2
4-(-1)＝？
5
-5
3
-3
4-1＝？
3
-3
5
-5
4-2＝？
2
-2
6
-6
4-3＝？
1
-1
7
-7
4-5＝？
-1
1
9
-9
4-6＝？
-2
2
10
-10
4-7＝？
-3
3
11
-11
4-8＝？
-4
4
12
-12
4-9＝？
-5
5
13
-13
5-(-9)＝？
14
-14
-4
4
5-(-8)＝？
13
-13
-3
3
5-(-7)＝？
12
-12
-2
2
5-(-6)＝？
11
-11
-1
1
5-(-4)＝？
9
-9
1
-1
5-(-3)＝？
8
-8
2
-2
5-(-2)＝？
7
-7
3
-3
5-(-1)＝？
6
-6
4
-4
5-1＝？
4
-4
6
-6
5-2＝？
3
-3
7
-7
5-3＝？
2
-2
8
-8
5-4＝？
1
-1
9
-9
5-6＝？
-1
1
11
-11
5-7＝？
-2
2
12
-12
5-8＝？
-3
3
13
-13
5-9＝？
-4
4
14
-14
6-(-9)＝？
15
-15
-3
3
6-(-8)＝？
14
-14
-2
2
6-(-7)＝？
13
-13
-1
1
6-(-5)＝？
11
-11
1
-1
6-(-4)＝？
10
-10
2
-2
6-(-3)＝？
9
-9
3
-3
6-(-2)＝？
8
-8
4
-4
6-(-1)＝？
7
-7
5
-5
6-1＝？
5
-5
7
-7
6-2＝？
4
-4
8
-8
6-3＝？
3
-3
9
-9
6-4＝？
2
-2
10
-10
6-5＝？
1
-1
11
-11
6-7＝？
-1
1
13
-13
6-8＝？
-2
2
14
-14
6-9＝？
-3
3
15
-15
7-(-9)＝？
16
-16
-2
2
7-(-8)＝？
15
-15
-1
1
7-(-6)＝？
13
-13
1
-1
7-(-5)＝？
12
-12
2
-2
7-(-4)＝？
11
-11
3
-3
7-(-3)＝？
10
-10
4
-4
7-(-2)＝？
9
-9
5
-5
7-(-1)＝？
8
-8
6
-6
7-1＝？
6
-6
8
-8
7-2＝？
5
-5
9
-9
7-3＝？
4
-4
10
-10
7-4＝？
3
-3
11
-11
7-5＝？
2
-2
12
-12
7-6＝？
1
-1
13
-13
7-8＝？
-1
1
15
-15
7-9＝？
-2
2
16
-16
8-(-9)＝？
17
-17
-1
1
8-(-7)＝？
15
-15
1
-1
8-(-6)＝？
14
-14
2
-2
8-(-5)＝？
13
-13
3
-3
8-(-4)＝？
12
-12
4
-4
8-(-3)＝？
11
-11
5
-5
8-(-2)＝？
10
-10
6
-6
8-(-1)＝？
9
-9
7
-7
8-1＝？
7
-7
9
-9
8-2＝？
6
-6
10
-10
8-3＝？
5
-5
11
-11
8-4＝？
4
-4
12
-12
8-5＝？
3
-3
13
-13
8-6＝？
2
-2
14
-14
8-7＝？
1
-1
15
-15
8-9＝？
-1
1
17
-17
9-(-8)＝？
17
-17
1
-1
9-(-7)＝？
16
-16
2
-2
9-(-6)＝？
15
-15
3
-3
9-(-5)＝？
14
-14
4
-4
9-(-4)＝？
13
-13
5
-5
9-(-3)＝？
12
-12
6
-6
9-(-2)＝？
11
-11
7
-7
9-(-1)＝？
10
-10
8
-8
9-1＝？
8
-8
10
-10
9-2＝？
7
-7
11
-11
9-3＝？
6
-6
12
-12
9-4＝？
5
-5
13
-13
9-5＝？
4
-4
14
-14
9-6＝？
3
-3
15
-15
9-7＝？
2
-2
16
-16
9-8＝？
1
-1
17
-17